110100001010010001100110011010011100100010011010000000010000100110011001110100000010100010001001011011101010001010111001101111000
111100100011111101010111111101110101001111000011000000000111001000100011000000000000011111010010010000000000011101010101011010110
010110010101000011111000101110111110101010101101001001000001110101100001011110101010101010100000101100000110010100110100110001000
000111111011010010111010000111110011000100011100101011101101001101101000111110100100000010010110010100110101101101001010010110000
010110000011011110110100010110100000111110001011011000111010010001010010110100001010010110101010011000001101001000100011110111100
011010100110000011110011000010000010101000110110110100110010111111101110111000111101000010000011100000110111101110100111000100000
101011101111011101000100110111100010000110000011010001110100110011011111111100000011000001101001000001010101101110011000110110100
000011101010000011111100111100111110010110111011111100000110001011110001101101011101110110101110011001100100111101111011000010000
111100000111011010011111111111100010001111001101101111101110111100011100010011000101011011101101111001110001111000001011010000010
111001101111101001010101001011010101000101001001001100111011011100101001000000100101011111111011001110100101011010100100101101110
000110111001010101011001000001001011110001100001101111100000000011111010010100001001100100100100001001110111001101011000101010110
011111001101101000100101010000010110001111000101011011110001001011111101011001101110001110110101010101111110110101110111000110010
000100110100110110010111100000001010011100111001001011000001011011011011011111001000001010111101111000100101010000011011110110000
100010011000000101100100011110100011011110111000111010011011010001010101011111111101011011001111100001001101100010110001000110100
011011010100011101101110010100010011001101000101110001000101100101000011101011100001110101010010100111001110010110100110100000110
110011011010000100001100000100010100110111001000101100010010101100001000101110011111110110101111010100011000011110101001111100100
101010011010011100100100010101001000011000010000100111101100100011001110010101000100011000111001111010010000011111110010010001110
110001010001111110000110101101011101010111000001101010010000110101100001110100100111100010111110110010100011010110111100011011110
101100111011111010110111001011111010000110001000000110111101000010001110110011010011110011100001110011000101001000011011011011000
101101101010111101111000011000011110101110000110111111001100111011000011101101110001101000010101100010110001001111000101011110010
110010100101011101000101101010111110110110100111000100100110010100111000100011101000110001110101011011011011000111111010001001110
001101001100101100001001110011110011000111101111011011001111110111001010111101010111101100010111110010101001101111101011100111110
000010101110000111000010001001100011100011010001101100101100100011101001000100000010000000101011101110110110010110010101001001010
000110111000000100111010101100100010110101110110010010011011100001001010101111110101110010011100110001010010100001100111000001110
001001000101001000001011110110111110010100110110110010101000111110101100011000101000101000000000110001111101010111100011100001010
110001011101001101000001001111000110010110100111001100111011101010000111000110000111010011010101111110001111000100111001001011100
111100011000011100110010100110101110111111000011111111011110011010001011000011001000010111101001111011000010110000100000111000100
100101011111000000000111000001011011001101101001000001001101011100000100100011010001010010000101001001101001110011001110000000100
101000111001011001101100010000011110000011110100000101010110110010011001001110100110111100010011011000111010110000010000011101010
011111111100111110111101111111010110010100110101001000010001001010100101011110101110111011000000111010011001011001011101010000000
101001011010101001110101001101001100101011000100011101111110110101001111111001100100000101100011000010100000000100111111011001010
111000111101111001001000011111001010010011110100111100000000000100000010101010101000000111001001111001100001100100000011101101000
100100100111101101001100001100100111111111000010100000000110100000000001000100101101110101100011010011010100010011000011101001010
011100010001111100101100000001010100101000010011000001100100100011101001110000000001111001100100010111101101110001010000110100010
111001111111010111110100100110010001010101111000100010110101011111001001001101111001111101111111101011111110011010110010001010110
001111111000011100101101101101100000010101111110011111001100010000001111011010010101110110001101011101010101000111000100101101100
101010110100101101101001010101001011011000110110000010110011101110101001110100100111011101011000011100001001101000010011110000000
111011101100110111000011010110110011000011001111100010010001000110101000100011000011011101100010010000010111010110111111001001100
011011010101010000101100011111101100010101011101110101011000010000101010101100111100110110111011001110011000000001101111100110110
101000100110001100010000010101000000101101001110011101101011100001000100110100000101000100000110000110010011000111110101000100000
000010001100000111001011110010011000111100100111100101000000011011101001011011100001010110101001100000000111110111001110111110010
001111001000011101000011001111011001110100000100111111011001111110010010111110111011011010001011101110000011110111010100001110110
110011111000111001001000110000111001100001011000110111011001010101011100100110110011110100001011000011101111001000010110010110010
001001111101001000100010011011000111010110000010001110001101011010011011000111100011011000001010010010000100111110001010100101100
101001001100111011100111110110000111100100111111011110110111111001111101011001000010111000110100110010100000101111010000000001000
010111000101111000101001100111111010001101111100000010111000111111010101110010011000000001110000001111011100100011000001001101110
100110111000110011101101101010110100101110100011001101110000111000000000011001111010011101001011001101111110100111110110001000110
101001001111101100111000100110100011100010110000100111110111011011011110101011010000110011110101001010101110111001010010100000000
111101011000001101010111100000101101000001110010110110111110100111110100000101010100010010101011011001011001001011001100000001100
101011000111000111100001000010010010110011101101101001011000011110001111011011110101110001111010110101111001011010111001111010000
011100100010000111010000100111110100001000110011000011100101111010000101100101101000101101001100001101010011001111000010001011010
100111000000110010000000001000101110011010000000000010011100101110000011000000101011100100101010101100100010110001110001011010110
111110100001100010110011111001100111110111000010110011010111011110001110010011110000010001111100111111101110010110110100101001000
010000111111111001001011111111101111001111010001101000001111101111101110011111110101010011101100011111001010100010100101001010010
110100010000110110100011001010011000011011010011010011111110001111110110011111110001110000011001100111010110100100100100111100110
101000100001100011100010111011011100010100100101000100111100010000111101100000111010110010011000101110010100010000010011111001100
010000110000111101101101100000101011001001010100100011011011010110000111111001000010001110110000110111100111010100010011001101010
010110111110010110111001001000100010010111101010101001101000010100111100001110101001001010001100101011111000011100000010111110110
101001000010010011100101101001110110000111001001101011100011000110010001010111010010000100111000101100000001000111011111010111100
101111010101100000000001110101001110011101100100110010110101010010101001010001100000110011011110100100001101111101110100001010100
110000100110100000000011010001010011100100101111100111111000010000011001101100101011100110101010100101001000100100111011011111110
100010000111101011000110100001010101101011011110010001100111010111111000111010010111100110110110100100111110110111100011010001010
111100111110101010111101010001111101101001001011000000101111000111011000111111110100001111101101101011101110100101110011001111000
110001010001101101110011001000111010010100101111000010000110101011101111100000000011011000111000101000000110010000100010111000010
101001100001110100101011001010111011000101110110101110110111101100100111111110001000011010111101010100000100100000101100011011000
100110100110111011101001101001010011111111101000111010011000001011010100100100010111010110010111000001110111010101101010101110110
110100100010011110000111111110110011001010101001000101100010101001101001010111001000010001110000001011010101011111111001011011000
000000010111110101000000001110011011000000010011001011101010011100101011111001110101101110001011100010111011101100101000001010110
110100000000011100100111000011101111001011011110000011100010111000001110110100111010101011100100100000110110110010010001000111110
111000000111110110111101100110011100111000101000000011111001111100000011001000101100111011110100001010010111010010000100000011010
000101000110001010010000001100000101000011110110001101000011001000110111100100110110010111110100011101100001111100110111000111010
111101010101111111110001000011110111010010101000000000000001110100101001000110011010010110000100011111001101110001000011011001110
110010010000011001110011010001110110110000000001001101100101011000011111000000101001110001011100100011111010011111110100111101110
000001001000101010111011101111011100111100000010110011010101100000111100111011000101001100001111000000101011001001100101100010010
111101101011011110110100010111011110011000010100110010110010101011011111100011101111100000111000110001011110110010010110100101010
000011011011001101100100011100111010110101111001001111111101001100111010000000010010000010001000110101101111110001101010010000100
100111000000000001010011001100110101110001011110011111110110110111100010111111001100100111100110010100110111101101000100101100010
110000010001111111000100010000100110111010011010111111001100011110100001001101110010001100010010101111111100011010111110111101110
000111100110110000001011010110001000011110100101101111110000100110101010111111010011111101001000000110001011110110100001100100010
101100010100110011100111010010011101101110000101000100110001011010001011001100001010100110101100111011111010101111101011000110010
000100000111001001000011100101100000011101001011000001011000111101000010100111010111001011011101100100111001010001110110011100000
110110010000100111101100110011111101111111111100011001100001011011111110010110100000001010101111110111000010001001101010001111010
100111001011001110000011110100001011010110110110100101111110001110100000001010010001101010101001010110010001100111001001101110000
100110101010010111001000100010000001010001001111100101101100110111100100011010000011111011011110101111010100111001101000100010000
110000101010101100111100110101101110101100000000100011010000011100001011000011110001100111001011110111011001110110000000111101000
110011000000011010010010011101101111000100001011110110011101111101010011011001001011011001001000101001010111010110100010011010010
101010010111100100000000111011101110001001101111011001101111110100101111000001111010100111010011111101100011001001010010111011000
101101110110010110101000010111010101101111111010001101000100001111000110000001111111011110101011001111111110101011101010010100110
000010110110101011100010110011011011110110010111010001010100000011101000101001111110001101110111011001110100101011010110010000010
110011011111101010000100000011100000111010010000101011000000100100010010100000110011001111011000010110001000100100001010001001110
011101010110000011011011111010110000010001110000000101010000101100001111000111010110110001111000101110011001000001000101001001010
111100110001000000001110110010001100100100100111110001001110111100100000011010011000010011110110011001011111001101011101000100000
111011001110101100011101111011011110111111011110011111101010001110000110110111100101110100011110111010011000001011001010101000010
110010110010011111111011110011111000011111010011101010110011110011001001111101010111010010000010101100101010110100001111110000010
011000110011011100000000010000000010000100100100011101100101000011100000110111110100111100000010110111111010110011111100110010100
111001111001110111100101010011001111010000010111000111011110001101011000100100010100001100100000000001111111011011011001010011000
011111001010101100110010010101101001100010111000011010000010111101101110110111110110101101110100010100011100100011100011000000000
101111010111000000110110100000001001001101000010111011111011011001001010011010111001110110011111101001011010111001100010101110010
001100011100010011000110100111110011011100010010111110010001000000011111111100100011000110011010010100111110011110011110000011000
100011001100101000101011011000001001001101011010100100111001100001011010100101001111010001100001110100110001111001010101000011000
000100110000000111100100110111101001101001011000111001111010111000111010110101011011100101001011101011000100001110111000111010010
100110001010001000001001111110010011010000100101101110011111110111010011110010101001101010011100110011111111011101111011110000110
001100000010001011111110001100101001000110111111010101001010110010100011000100101110101011010101011011010100011001101000110001010
000001100111111100010001001111110011100010100111111111101010011111101111110000011110010101101001001110111111100000110110110001100
101111101111110001001011010001101010110101000110010000110111011111110011000111101100001010110111010110000001110000100100011010000
100010101000101110110001110111100010001101001100000111010110011111010011100111111010000000001000011111101010010010100010111001110
001010010101111110100010011111100100100110100010101001000001101100000100111110111100000000101001100110000000110100011101011000000
111110011010111110111100111000110101010100100111101100000010000011011001111110000101011100100000110101001011101100111101111011110
011110001000110100110001111110001001110111111001011110001000101001001000011111001110100100010001111011101110110111001111101010100
000000011110011001101101011111110111110100110100110100100011100111100100111100111001001010111000010010001101000100001000111110110
100011100100111101111010111010111100011000010000101111011101011111011000110101010001000000110100010001000111011000010011111001000
001100011100100011010111011000001111110110001000000001001100010001000001111010101101011001010010011011001111100110111010111110110
111110110000010000011011101100100000011111111001010100110000010000101101011011010010110001001001110101000110001001101110000000100
101100000011011110000110001100001010100010111110111010011110110010100111111100100101010010010111100001100111111010100000111011000
111010110110100011010100000110011111000110101011111111110010100011000000011111110011011001011100001111100011001001010100010011100
001111000000000101101100011101001001010011001001100010101101010101011011011011011000101000111001010010101011110100000100010100010
001001110101001010110101100001000000110000110100010111011011010001001000011000001111111101011000111001000110001010001100000100000
001011000111100100110000110101001111101111100101001101100000111011010000010111000101000110010011011101100111011000001011110100100
101111101011101011001001001101010101101100000111010001100110111101100010100101101111010001000110011011101001101111010111111010010
100001110011000110101101011100000000101010000011101111110010101001001011101101000100110110001111011001010010110001111100011111110
101010001000000111000011010111010001001010001110100110100101011011111001001001001000110110110011100111110111010001000111101010000
110111011000000110011001100010110001111000100111101100110101011101001111101011100110111011000110101101110010011100010101010111110
001101010011111010111010111101100001100011000001010001110010010101001001110011111011110010111000001100110101110000001010000110110
110010001111101000111110010110101110000100111100000001111010010100110001001111011000000010000010101001110010111101111111110100000
001101110111101110000100010011001000101100101000011011111110111111000101001001101111111110100000100010101001001001000011010000000
011001010000011100101111110111111101000000100011011111011110100101011011100001000001101000110111100110101001101000000100000000110
010010110011111101010101111001111000101111100010010000110111001110100111011000001111111011001111000001001101010000000010101110110
010000111001010000000100100101100110000110001000110011101100001111000101000111010110110111010010110110100001011110001110100001010